105 44 137 196 74 111 211 81 71 232 88 202 7 75 235 188
5 251 53 208 243 63 247 193 131 4 118 97 17 179 83 173
42 80 175 148 225 146 155 234 175 148 141 227 8 177 163 2
197 220 97 98 210 112 184 9 130 238 36 217 62 14 21 11
254 85 210 108 150 226 115 59 213 84 128 25 12 242 255 159
154 91 157 215 162 161 49 82 144 220 176 111 228 112 149 60
176 154 217 17 192 193 208 95 77 8 160 175 122 89 103 163
125 53 99 246 206 203 144 116 14 92 137 195 37 168 41 6
108 227 2 107 101 133 236 12 151 183 180 28 169 15 50 0
228 24 112 3 110 191 228 66 29 209 6 249 213 177 64 202
43 33 215 201 107 181 125 243 63 56 89 173 59 7 252 93
178 113 27 154 97 132 96 90 220 163 34 161 249 112 218 207
122 122 146 145 93 233 65 39 214 71 37 199 117 0 25 12
221 5 143 30 59 152 184 88 65 91 191 180 218 34 48 170
96 175 87 193 56 186 13 65 223 183 35 158 163 116 97 102
248 114 129 116 198 183 231 52 129 218 146 169 154 239 213 15