91 37 12 120 244 87 127 231 127 111 151 37 45 135 148 226 103 46 43 20
65 54 47 93 21 24 237 52 236 5 83 178 75 184 176 223 95 105 151 209
122 184 115 239 12 2 61 214 35 128 167 183 242 14 245 20 10 150 122 247
153 166 191 39 82 69 195 174 255 19 49 85 204 222 117 215 154 123 206 214
232 255 11 107 237 79 109 35 186 197 145 184 173 131 205 189 52 90 83 68
149 22 55 137 215 253 243 62 195 244 192 100 39 102 94 165 129 146 157 97
30 183 6 99 163 248 241 136 167 198 207 160 74 219 66 101 35 237 96 140
92 248 137 200 71 13 225 120 146 143 204 109 47 47 140 45 202 33 206 130
213 171 153 155 154 214 91 139 162 78 227 142 47 137 76 191 177 171 54 17
100 27 31 55 63 41 144 218 202 152 156 235 47 179 217 73 59 202 114 251
2 131 168 193 198 66 5 83 117 134 188 126 118 186 23 6 210 161 225 88
112 103 25 48 106 227 250 93 163 99 143 145 111 79 89 139 143 60 63 55
14 129 135 204 137 106 73 132 121 252 79 134 217 187 200 153 159 251 125 96
61 201 87 94 129 227 10 87 96 93 0 194 218 79 190 36 169 85 96 134
125 86 175 150 28 29 123 33 231 201 83 187 216 239 186 171 153 238 121 189
55 188 13 24 96 146 142 212 169 55 106 222 28 52 180 246 79 233 24 12
12 245 246 132 141 201 130 97 0 245 238 55 31 248 49 194 251 172 85 36
216 9 40 29 198 216 6 68 203 128 15 228 255 141 2 152 219 205 148 73
128 172 20 154 156 169 153 221 214 146 12 80 40 231 239 158 237 52 150 64
76 98 111 100 250 147 107 115 194 234 78 132 17 228 140 29 89 73 190 77