73 6 223 144 6 218 57 59 131 196 117 198 72 221
206 36 71 161 182 3 253 230 33 89 141 78 73 39
50 190 123 232 173 213 210 60 201 224 210 63 35 57
245 164 202 70 42 94 214 5 215 41 44 54 232 84
205 0 133 170 29 95 210 79 131 255 32 77 106 12
199 243 118 211 60 107 143 241 247 197 171 131 144 152
26 54 178 116 34 90 211 138 34 235 55 145 83 250
150 244 123 213 94 255 129 172 194 119 92 1 129 22
110 85 234 172 215 252 97 214 152 2 48 190 26 61
147 55 160 221 116 125 214 5 160 189 102 135 224 203
13 117 169 55 181 149 219 171 106 162 0 8 123 210
110 74 123 122 101 233 154 54 194 83 123 218 217 193
170 44 223 170 181 126 131 111 88 77 109 129 109 14
213 55 184 46 231 249 185 5 114 44 127 236 207 24